%YAML 1.0
---
opencv_ml_knn:
   format: 3
   is_classifier: 1
   default_k: 1
   samples: !!opencv-matrix
      rows: 10
      cols: 600
      dt: f
      data: [ 0., 0., 0., 0., 1., 4., 86., 255., 255., 255., 255., 255.,
          255., 86., 4., 1., 0., 0., 0., 0., 0., 0., 0., 2., 67., 255.,
          255., 255., 255., 255., 255., 255., 255., 255., 255., 67., 2.,
          0., 0., 0., 0., 0., 3., 62., 255., 255., 255., 255., 255.,
          255., 255., 255., 255., 255., 255., 255., 62., 3., 0., 0., 0.,
          2., 58., 255., 255., 255., 245., 225., 225., 225., 225., 225.,
          244., 255., 255., 255., 255., 58., 2., 0., 0., 19., 255., 255.,
          255., 244., 146., 0., 0., 0., 0., 0., 135., 243., 255., 255.,
          255., 255., 19., 0., 1., 62., 255., 255., 255., 185., 0., 0.,
          0., 0., 0., 0., 0., 141., 242., 255., 255., 255., 62., 1., 6.,
          255., 255., 255., 242., 145., 0., 0., 0., 0., 0., 0., 0., 0.,
          185., 255., 255., 255., 255., 6., 6., 255., 255., 255., 197.,
          0., 0., 0., 0., 0., 0., 0., 0., 0., 185., 255., 255., 255.,
          255., 6., 77., 255., 255., 255., 197., 0., 0., 0., 0., 0., 0.,
          0., 0., 0., 133., 239., 255., 255., 255., 6., 255., 255., 255.,
          255., 197., 0., 0., 0., 0., 0., 0., 0., 0., 0., 0., 197., 255.,
          255., 255., 6., 255., 255., 255., 239., 128., 0., 0., 0., 0.,
          0., 0., 0., 0., 0., 0., 197., 255., 255., 255., 6., 255., 255.,
          255., 210., 0., 0., 0., 0., 0., 0., 0., 0., 0., 0., 0., 197.,
          255., 255., 255., 101., 255., 255., 255., 210., 0., 0., 0., 0.,
          0., 0., 0., 0., 0., 0., 0., 198., 255., 255., 255., 255., 255.,
          255., 255., 210., 0., 0., 0., 0., 0., 0., 0., 0., 0., 0., 0.,
          197., 255., 255., 255., 255., 255., 255., 255., 210., 0., 0.,
          0., 0., 0., 0., 0., 0., 0., 0., 0., 198., 255., 255., 255.,
          255., 255., 255., 255., 210., 0., 0., 0., 0., 0., 0., 0., 0.,
          0., 0., 0., 198., 255., 255., 255., 255., 255., 255., 255.,
          210., 0., 0., 0., 0., 0., 0., 0., 0., 0., 0., 0., 197., 255.,
          255., 255., 255., 255., 255., 255., 210., 0., 0., 0., 0., 0.,
          0., 0., 0., 0., 0., 0., 198., 255., 255., 255., 255., 255.,
          255., 255., 210., 0., 0., 0., 0., 0., 0., 0., 0., 0., 0., 0.,
          197., 255., 255., 255., 101., 255., 255., 255., 239., 128., 0.,
          0., 0., 0., 0., 0., 0., 0., 0., 0., 197., 255., 255., 255., 6.,
          255., 255., 255., 255., 197., 0., 0., 0., 0., 0., 0., 0., 0.,
          0., 0., 197., 255., 255., 255., 6., 255., 255., 255., 255.,
          197., 0., 0., 0., 0., 0., 0., 0., 0., 0., 133., 239., 255.,
          255., 255., 6., 69., 255., 255., 255., 197., 0., 0., 0., 0.,
          0., 0., 0., 0., 0., 185., 255., 255., 255., 255., 6., 6., 255.,
          255., 255., 242., 145., 0., 0., 0., 0., 0., 0., 0., 0., 185.,
          255., 255., 255., 70., 1., 6., 255., 255., 255., 255., 185.,
          0., 0., 0., 0., 0., 0., 0., 141., 242., 255., 255., 255., 19.,
          0., 1., 54., 255., 255., 255., 244., 146., 0., 0., 0., 0., 0.,
          135., 243., 255., 255., 255., 65., 3., 0., 0., 2., 58., 255.,
          255., 255., 245., 225., 225., 225., 225., 225., 244., 255.,
          255., 255., 255., 32., 0., 0., 0., 0., 32., 255., 255., 255.,
          255., 255., 255., 255., 255., 255., 255., 255., 255., 255.,
          62., 3., 0., 0., 0., 0., 2., 13., 67., 255., 255., 255., 255.,
          255., 255., 255., 255., 255., 255., 67., 2., 0., 0., 0., 0.,
          0., 0., 0., 1., 73., 255., 255., 255., 255., 255., 255., 255.,
          86., 4., 1., 0., 0., 0., 0., 0., 0., 0., 0., 0., 0., 0., 0.,
          0., 0., 0., 0., 0., 0., 6., 121., 236., 159., 44., 0., 0., 0.,
          0., 0., 0., 0., 0., 0., 0., 0., 0., 0., 24., 110., 193., 222.,
          250., 231., 202., 191., 0., 0., 0., 0., 0., 0., 0., 0., 0., 0.,
          33., 100., 162., 210., 255., 255., 255., 255., 255., 255., 0.,
          0., 0., 0., 0., 0., 0., 0., 35., 82., 139., 206., 255., 255.,
          255., 255., 255., 255., 255., 255., 0., 0., 0., 5., 33., 62.,
          64., 64., 126., 212., 255., 255., 255., 255., 255., 255., 255.,
          255., 255., 255., 21., 21., 21., 39., 144., 249., 255., 255.,
          255., 255., 255., 255., 255., 255., 255., 255., 255., 255.,
          255., 255., 234., 234., 234., 235., 245., 254., 255., 255.,
          255., 255., 255., 255., 255., 255., 255., 255., 255., 255.,
          255., 255., 255., 255., 255., 255., 255., 255., 255., 255.,
          255., 255., 255., 255., 255., 255., 255., 255., 255., 255.,
          255., 255., 255., 255., 255., 255., 255., 255., 255., 255.,
          255., 255., 255., 255., 255., 255., 255., 255., 255., 255.,
          255., 255., 149., 149., 149., 149., 149., 149., 149., 149.,
          149., 149., 173., 220., 255., 255., 255., 255., 255., 255.,
          255., 255., 0., 0., 0., 0., 0., 0., 0., 0., 0., 0., 43., 129.,
          199., 228., 255., 255., 255., 255., 255., 255., 0., 0., 0., 0.,
          0., 0., 0., 0., 0., 0., 0., 0., 32., 146., 255., 255., 255.,
          255., 255., 255., 0., 0., 0., 0., 0., 0., 0., 0., 0., 0., 0.,
          0., 32., 146., 255., 255., 255., 255., 255., 255., 0., 0., 0.,
          0., 0., 0., 0., 0., 0., 0., 0., 0., 32., 147., 255., 255.,
          255., 255., 255., 255., 0., 0., 0., 0., 0., 0., 0., 0., 0., 0.,
          33., 100., 162., 210., 255., 255., 255., 255., 255., 255., 0.,
          0., 0., 0., 0., 0., 0., 0., 0., 0., 57., 172., 255., 255.,
          255., 255., 255., 255., 255., 255., 0., 0., 0., 0., 0., 0., 0.,
          0., 0., 0., 57., 172., 255., 255., 255., 255., 255., 255.,
          255., 255., 0., 0., 0., 0., 0., 0., 0., 0., 0., 0., 57., 172.,
          255., 255., 255., 255., 255., 255., 255., 255., 0., 0., 0., 0.,
          0., 0., 0., 0., 0., 0., 57., 172., 255., 255., 255., 255.,
          255., 255., 255., 255., 0., 0., 0., 0., 0., 0., 0., 0., 0., 0.,
          57., 172., 255., 255., 255., 255., 255., 255., 255., 255., 0.,
          0., 0., 0., 0., 0., 0., 0., 0., 0., 57., 172., 255., 255.,
          255., 255., 255., 255., 255., 255., 0., 0., 0., 0., 0., 0., 0.,
          0., 0., 0., 57., 172., 255., 255., 255., 255., 255., 255.,
          255., 255., 0., 0., 0., 0., 0., 0., 0., 0., 0., 0., 57., 172.,
          255., 255., 255., 255., 255., 255., 255., 255., 0., 0., 0., 0.,
          0., 0., 0., 0., 0., 0., 57., 172., 255., 255., 255., 255.,
          255., 255., 255., 255., 0., 0., 0., 0., 0., 0., 0., 0., 0., 0.,
          57., 172., 255., 255., 255., 255., 255., 255., 255., 255., 0.,
          0., 0., 0., 0., 0., 0., 0., 0., 0., 57., 172., 255., 255.,
          255., 255., 255., 255., 255., 255., 0., 0., 0., 0., 0., 0., 0.,
          0., 0., 0., 57., 172., 255., 255., 255., 255., 255., 255.,
          255., 255., 0., 0., 0., 0., 0., 0., 0., 0., 0., 0., 33., 100.,
          162., 210., 255., 255., 255., 255., 255., 255., 0., 0., 0., 0.,
          0., 0., 0., 0., 0., 0., 0., 0., 32., 147., 255., 255., 255.,
          255., 255., 255., 0., 0., 0., 0., 0., 0., 0., 0., 0., 0., 0.,
          0., 32., 146., 255., 255., 255., 255., 255., 255., 0., 0., 0.,
          0., 0., 0., 178., 255., 255., 255., 255., 255., 255., 255.,
          229., 25., 0., 0., 0., 0., 0., 0., 0., 57., 191., 191., 236.,
          255., 255., 255., 255., 255., 255., 255., 249., 198., 191.,
          96., 0., 0., 0., 0., 74., 181., 255., 255., 255., 255., 255.,
          255., 255., 255., 255., 255., 255., 255., 255., 202., 104., 0.,
          0., 74., 180., 255., 255., 255., 255., 255., 223., 149., 149.,
          149., 202., 255., 255., 255., 255., 255., 210., 106., 0., 178.,
          255., 255., 255., 255., 210., 191., 134., 0., 0., 0., 96.,
          191., 198., 249., 255., 255., 255., 255., 21., 185., 255.,
          255., 255., 255., 76., 0., 0., 0., 0., 0., 0., 0., 25., 229.,
          255., 255., 255., 255., 234., 248., 255., 255., 255., 255.,
          76., 0., 0., 0., 0., 0., 0., 0., 25., 229., 255., 255., 255.,
          255., 255., 255., 255., 255., 236., 83., 19., 0., 0., 0., 0.,
          0., 0., 0., 6., 57., 198., 255., 255., 255., 255., 255., 255.,
          255., 229., 25., 0., 0., 0., 0., 0., 0., 0., 0., 0., 0., 178.,
          255., 255., 255., 255., 255., 255., 255., 229., 25., 0., 0.,
          0., 0., 0., 0., 0., 0., 0., 0., 178., 255., 255., 255., 191.,
          191., 223., 236., 172., 19., 0., 0., 0., 0., 0., 0., 0., 0.,
          6., 57., 198., 255., 255., 255., 0., 0., 117., 164., 0., 0.,
          0., 0., 0., 0., 0., 0., 0., 0., 25., 229., 255., 255., 255.,
          255., 0., 0., 11., 15., 0., 0., 0., 0., 0., 0., 0., 0., 0., 0.,
          25., 229., 255., 255., 255., 255., 0., 0., 0., 0., 0., 0., 0.,
          0., 0., 0., 0., 0., 96., 191., 198., 249., 255., 255., 255.,
          255., 0., 0., 0., 0., 0., 0., 0., 0., 0., 0., 0., 104., 202.,
          255., 255., 255., 255., 255., 210., 106., 0., 0., 0., 0., 0.,
          0., 0., 0., 32., 106., 106., 210., 255., 255., 255., 255.,
          255., 202., 104., 0., 0., 0., 0., 0., 0., 0., 45., 64., 121.,
          255., 255., 255., 255., 255., 255., 255., 210., 96., 0., 0.,
          0., 0., 0., 0., 2., 19., 185., 255., 255., 255., 255., 255.,
          255., 255., 253., 236., 70., 0., 0., 0., 0., 0., 0., 0., 23.,
          210., 248., 255., 255., 255., 255., 255., 255., 255., 232.,
          45., 6., 0., 0., 0., 0., 0., 0., 57., 198., 249., 255., 255.,
          255., 255., 255., 255., 159., 64., 57., 6., 0., 0., 0., 0., 0.,
          0., 74., 181., 255., 255., 255., 255., 255., 240., 121., 106.,
          53., 0., 0., 0., 0., 0., 0., 0., 0., 0., 127., 255., 255.,
          255., 255., 202., 149., 134., 15., 0., 0., 0., 0., 0., 0., 0.,
          0., 0., 0., 45., 159., 255., 255., 255., 210., 96., 0., 0., 0.,
          0., 0., 0., 0., 0., 0., 0., 0., 0., 21., 185., 255., 255.,
          255., 255., 76., 0., 0., 0., 0., 0., 0., 0., 0., 0., 0., 0.,
          0., 0., 234., 248., 255., 255., 255., 255., 76., 0., 0., 0.,
          0., 0., 0., 0., 0., 0., 0., 0., 0., 0., 255., 255., 255., 255.,
          255., 255., 76., 0., 0., 0., 0., 0., 0., 0., 19., 172., 191.,
          191., 134., 0., 255., 255., 255., 255., 255., 255., 181., 149.,
          149., 149., 149., 149., 149., 149., 159., 244., 255., 255.,
          223., 149., 149., 149., 202., 255., 255., 255., 255., 255.,
          255., 255., 255., 255., 255., 255., 255., 255., 255., 255.,
          255., 255., 0., 0., 127., 255., 255., 255., 255., 255., 255.,
          255., 255., 255., 255., 255., 255., 255., 255., 255., 255.,
          255., 0., 0., 127., 255., 255., 255., 255., 255., 255., 255.,
          255., 255., 255., 255., 255., 255., 255., 255., 255., 255., 0.,
          0., 0., 0., 0., 115., 255., 255., 255., 255., 255., 255., 255.,
          255., 115., 0., 0., 0., 0., 0., 0., 0., 0., 133., 204., 227.,
          255., 255., 255., 255., 255., 255., 255., 255., 227., 204.,
          133., 0., 0., 0., 0., 0., 127., 225., 255., 255., 255., 255.,
          255., 255., 255., 255., 255., 255., 255., 255., 225., 127., 0.,
          0., 0., 0., 191., 255., 255., 255., 255., 221., 119., 119.,
          119., 119., 221., 255., 255., 255., 255., 225., 116., 0., 0.,
          87., 217., 255., 255., 255., 219., 115., 0., 0., 0., 0., 115.,
          153., 209., 255., 255., 255., 217., 0., 0., 217., 255., 255.,
          255., 224., 122., 0., 0., 0., 0., 0., 0., 0., 140., 255., 255.,
          255., 217., 0., 34., 222., 255., 255., 255., 140., 0., 0., 0.,
          0., 0., 0., 0., 0., 122., 236., 255., 255., 217., 0., 255.,
          255., 255., 255., 255., 140., 0., 0., 0., 0., 0., 0., 0., 0.,
          0., 115., 255., 255., 217., 0., 255., 255., 255., 255., 133.,
          19., 0., 0., 0., 0., 0., 0., 0., 0., 122., 236., 255., 255.,
          217., 0., 68., 227., 255., 133., 31., 0., 0., 0., 0., 0., 0.,
          0., 0., 0., 140., 255., 255., 255., 217., 0., 0., 87., 102.,
          36., 0., 0., 0., 0., 0., 0., 0., 0., 0., 99., 209., 255., 255.,
          217., 87., 0., 0., 0., 0., 0., 0., 0., 0., 30., 119., 119.,
          119., 119., 119., 207., 255., 255., 213., 102., 0., 0., 0., 0.,
          0., 0., 0., 0., 30., 127., 255., 255., 255., 255., 255., 255.,
          255., 255., 166., 0., 0., 0., 0., 0., 0., 0., 0., 0., 89.,
          255., 255., 255., 255., 255., 255., 255., 255., 255., 166., 0.,
          0., 0., 0., 0., 0., 0., 0., 0., 89., 255., 255., 255., 255.,
          255., 255., 255., 255., 255., 172., 13., 0., 0., 0., 0., 0.,
          0., 0., 0., 89., 255., 255., 255., 255., 255., 255., 255.,
          255., 255., 249., 178., 0., 0., 0., 0., 0., 0., 0., 0., 18.,
          51., 51., 51., 51., 51., 51., 184., 255., 255., 255., 242.,
          173., 0., 0., 0., 0., 0., 0., 0., 0., 0., 0., 0., 0., 0., 0.,
          55., 178., 255., 255., 255., 217., 0., 0., 0., 0., 0., 0., 0.,
          0., 0., 0., 0., 0., 0., 0., 0., 65., 180., 255., 255., 237.,
          136., 102., 102., 102., 36., 0., 0., 0., 0., 0., 0., 0., 0.,
          0., 0., 0., 115., 255., 255., 255., 255., 255., 255., 255.,
          133., 31., 0., 0., 0., 0., 0., 0., 0., 0., 0., 0., 115., 255.,
          255., 255., 255., 255., 255., 255., 255., 115., 0., 0., 0., 0.,
          0., 0., 0., 0., 0., 0., 115., 255., 255., 255., 255., 255.,
          255., 255., 255., 115., 0., 0., 0., 0., 0., 0., 0., 0., 0., 0.,
          115., 255., 255., 255., 255., 255., 255., 255., 255., 236.,
          122., 0., 0., 0., 0., 0., 0., 0., 0., 122., 236., 255., 255.,
          222., 34., 68., 227., 255., 255., 255., 140., 0., 0., 0., 0.,
          0., 0., 0., 122., 224., 255., 255., 255., 217., 0., 0., 217.,
          255., 255., 255., 209., 153., 115., 0., 0., 0., 130., 153.,
          219., 255., 255., 255., 217., 87., 0., 0., 116., 225., 255.,
          255., 255., 255., 221., 119., 119., 119., 235., 255., 255.,
          255., 255., 255., 191., 0., 0., 0., 0., 127., 225., 255., 255.,
          255., 255., 255., 255., 255., 255., 255., 255., 255., 217.,
          170., 127., 0., 0., 0., 0., 0., 133., 204., 204., 222., 255.,
          255., 255., 255., 255., 255., 222., 204., 112., 0., 0., 0., 0.,
          0., 0., 0., 0., 0., 0., 89., 255., 255., 255., 255., 255.,
          255., 89., 0., 0., 0., 0., 0., 0., 0., 0., 0., 0., 0., 0., 0.,
          0., 0., 0., 0., 0., 127., 255., 255., 255., 76., 0., 0., 0.,
          0., 0., 0., 0., 0., 0., 0., 0., 0., 0., 0., 116., 210., 255.,
          255., 255., 192., 83., 0., 0., 0., 0., 0., 0., 0., 0., 0., 0.,
          0., 11., 96., 210., 255., 255., 255., 255., 255., 127., 0., 0.,
          0., 0., 0., 0., 0., 0., 0., 0., 0., 25., 229., 255., 255.,
          255., 255., 255., 255., 127., 0., 0., 0., 0., 0., 0., 0., 0.,
          0., 0., 0., 26., 229., 255., 255., 255., 255., 255., 255.,
          127., 0., 0., 0., 0., 0., 0., 0., 0., 0., 0., 55., 190., 248.,
          255., 255., 255., 255., 255., 255., 127., 0., 0., 0., 0., 0.,
          0., 0., 0., 0., 62., 163., 255., 255., 255., 255., 255., 255.,
          255., 255., 127., 0., 0., 0., 0., 0., 0., 0., 0., 45., 159.,
          255., 255., 255., 255., 255., 255., 255., 255., 255., 127., 0.,
          0., 0., 0., 0., 0., 0., 4., 180., 255., 255., 255., 251., 251.,
          253., 255., 255., 255., 255., 127., 0., 0., 0., 0., 0., 0.,
          20., 180., 238., 255., 255., 235., 75., 55., 155., 255., 255.,
          255., 255., 127., 0., 0., 0., 0., 0., 42., 151., 243., 255.,
          255., 213., 103., 11., 0., 127., 255., 255., 255., 255., 127.,
          0., 0., 0., 0., 0., 76., 255., 255., 255., 255., 178., 0., 0.,
          0., 127., 255., 255., 255., 255., 127., 0., 0., 0., 0., 11.,
          91., 255., 255., 255., 244., 164., 0., 0., 0., 127., 255.,
          255., 255., 255., 127., 0., 0., 0., 0., 108., 228., 255., 255.,
          255., 146., 27., 0., 0., 0., 127., 255., 255., 255., 255.,
          127., 0., 0., 0., 0., 127., 255., 255., 255., 145., 49., 0.,
          0., 0., 0., 127., 255., 255., 255., 255., 127., 0., 0., 0.,
          68., 176., 255., 255., 255., 76., 0., 0., 0., 0., 0., 127.,
          255., 255., 255., 187., 79., 0., 0., 38., 190., 255., 255.,
          251., 221., 65., 0., 0., 0., 0., 0., 127., 255., 255., 255.,
          103., 19., 0., 0., 234., 248., 255., 255., 232., 45., 6., 0.,
          0., 0., 0., 0., 127., 255., 255., 255., 240., 117., 0., 0.,
          255., 255., 255., 255., 247., 182., 52., 0., 0., 0., 0., 0.,
          127., 255., 255., 255., 255., 127., 0., 0., 255., 255., 255.,
          255., 255., 255., 157., 115., 115., 115., 115., 115., 185.,
          255., 255., 255., 255., 185., 115., 115., 255., 255., 255.,
          255., 255., 255., 255., 255., 255., 255., 255., 255., 255.,
          255., 255., 255., 255., 255., 255., 255., 255., 255., 255.,
          255., 255., 255., 255., 255., 255., 255., 255., 255., 255.,
          255., 255., 255., 255., 255., 255., 255., 255., 255., 255.,
          255., 255., 255., 255., 255., 255., 255., 255., 255., 255.,
          255., 255., 255., 255., 255., 255., 255., 123., 123., 123.,
          163., 242., 136., 123., 123., 123., 123., 123., 215., 255.,
          255., 255., 255., 255., 189., 123., 123., 0., 0., 0., 55.,
          164., 18., 0., 0., 0., 0., 0., 128., 219., 255., 255., 255.,
          255., 127., 0., 0., 0., 0., 0., 0., 0., 0., 0., 0., 0., 0., 0.,
          0., 127., 255., 255., 255., 255., 127., 0., 0., 0., 0., 0., 0.,
          0., 0., 0., 0., 0., 0., 0., 0., 127., 255., 255., 255., 255.,
          127., 0., 0., 0., 0., 0., 0., 0., 0., 0., 0., 0., 0., 0., 0.,
          127., 255., 255., 255., 255., 127., 0., 0., 0., 0., 0., 0., 0.,
          0., 0., 0., 0., 0., 0., 0., 127., 255., 255., 255., 255., 127.,
          0., 0., 0., 0., 0., 0., 0., 0., 0., 0., 0., 0., 0., 0., 127.,
          255., 255., 255., 255., 127., 0., 0., 0., 0., 0., 0., 83.,
          255., 255., 255., 70., 0., 0., 0., 32., 249., 255., 255., 255.,
          159., 0., 0., 0., 0., 0., 85., 203., 255., 255., 255., 200.,
          179., 179., 179., 188., 253., 255., 255., 255., 226., 138., 0.,
          0., 0., 80., 188., 255., 255., 255., 255., 255., 255., 255.,
          255., 255., 255., 255., 255., 255., 255., 198., 0., 0., 0.,
          159., 255., 255., 255., 255., 255., 255., 255., 255., 255.,
          255., 255., 255., 255., 255., 255., 197., 0., 0., 0., 159.,
          255., 255., 255., 254., 232., 229., 229., 229., 229., 229.,
          229., 229., 246., 241., 229., 178., 0., 0., 0., 159., 255.,
          255., 255., 249., 54., 26., 26., 26., 26., 26., 26., 26., 180.,
          135., 26., 20., 0., 0., 0., 159., 255., 255., 224., 75., 10.,
          0., 0., 0., 0., 0., 0., 0., 52., 36., 0., 0., 0., 0., 0., 159.,
          255., 255., 210., 0., 0., 0., 0., 0., 0., 0., 0., 0., 0., 0.,
          0., 0., 0., 0., 0., 159., 255., 255., 210., 0., 0., 0., 0., 0.,
          0., 0., 0., 0., 0., 0., 0., 0., 0., 0., 20., 169., 255., 255.,
          215., 26., 26., 26., 26., 26., 26., 26., 26., 4., 0., 0., 0.,
          0., 0., 0., 178., 245., 255., 255., 250., 229., 229., 229.,
          229., 229., 229., 229., 229., 40., 0., 0., 0., 0., 0., 0.,
          197., 255., 255., 255., 255., 255., 255., 255., 255., 255.,
          255., 255., 255., 192., 179., 85., 0., 0., 0., 0., 198., 255.,
          255., 255., 255., 255., 255., 255., 255., 255., 255., 255.,
          255., 255., 255., 188., 80., 0., 0., 0., 197., 255., 255.,
          255., 255., 255., 255., 255., 255., 255., 255., 255., 255.,
          255., 255., 255., 159., 0., 0., 0., 198., 255., 255., 255.,
          255., 254., 232., 229., 229., 229., 229., 232., 254., 255.,
          255., 255., 169., 20., 0., 0., 198., 255., 255., 255., 255.,
          249., 54., 26., 26., 26., 26., 54., 249., 255., 255., 255.,
          245., 178., 0., 0., 59., 188., 255., 197., 76., 75., 10., 0.,
          0., 0., 0., 10., 75., 224., 255., 255., 255., 197., 0., 0., 0.,
          80., 128., 86., 0., 0., 0., 0., 0., 0., 0., 0., 0., 105., 214.,
          255., 255., 226., 128., 0., 0., 0., 0., 0., 0., 0., 0., 0., 0.,
          0., 0., 0., 0., 0., 172., 255., 255., 255., 255., 0., 0., 0.,
          0., 0., 0., 0., 0., 0., 0., 0., 0., 0., 0., 0., 172., 255.,
          255., 255., 255., 0., 0., 0., 0., 0., 0., 0., 0., 0., 0., 0.,
          0., 0., 0., 0., 172., 255., 255., 255., 255., 0., 138., 179.,
          94., 0., 0., 0., 0., 0., 0., 0., 0., 0., 0., 0., 172., 255.,
          255., 255., 255., 128., 226., 255., 194., 86., 0., 0., 0., 0.,
          0., 0., 0., 0., 0., 0., 172., 255., 255., 255., 255., 255.,
          255., 255., 255., 197., 63., 0., 0., 0., 0., 0., 0., 0., 0.,
          63., 197., 255., 255., 238., 179., 255., 255., 255., 255.,
          255., 215., 25., 3., 0., 0., 0., 0., 3., 25., 215., 255., 255.,
          255., 198., 0., 255., 255., 255., 255., 255., 250., 224., 29.,
          0., 0., 0., 0., 29., 224., 250., 255., 255., 255., 198., 0.,
          76., 215., 255., 255., 255., 255., 253., 188., 179., 76., 0.,
          49., 188., 253., 255., 255., 255., 188., 59., 0., 0., 99.,
          207., 255., 255., 255., 255., 255., 255., 182., 128., 163.,
          255., 255., 255., 255., 188., 80., 0., 0., 0., 0., 112., 179.,
          203., 255., 255., 255., 255., 255., 255., 255., 255., 255.,
          255., 203., 85., 0., 0., 0., 0., 0., 0., 0., 83., 255., 255.,
          255., 255., 255., 255., 255., 255., 255., 255., 83., 0., 0.,
          0., 0., 0., 0., 0., 0., 0., 0., 178., 255., 255., 255., 255.,
          255., 255., 255., 229., 25., 0., 0., 0., 0., 0., 0., 0., 54.,
          179., 179., 232., 255., 255., 255., 255., 255., 255., 255.,
          247., 186., 179., 89., 0., 0., 0., 0., 64., 166., 255., 255.,
          255., 255., 255., 255., 255., 255., 255., 255., 255., 255.,
          255., 191., 89., 0., 0., 54., 166., 255., 255., 255., 255.,
          217., 179., 179., 179., 179., 217., 255., 255., 255., 255.,
          255., 201., 76., 0., 178., 255., 255., 255., 255., 237., 115.,
          0., 0., 0., 0., 115., 237., 255., 255., 255., 255., 255., 255.,
          0., 178., 255., 255., 255., 255., 94., 13., 0., 0., 0., 0.,
          13., 94., 255., 255., 255., 255., 255., 255., 0., 179., 255.,
          255., 237., 94., 23., 0., 0., 0., 0., 0., 0., 23., 94., 237.,
          255., 255., 255., 255., 128., 217., 255., 217., 115., 13., 0.,
          0., 0., 0., 0., 0., 0., 0., 13., 115., 128., 128., 128., 128.,
          255., 255., 255., 179., 0., 0., 0., 0., 0., 0., 0., 0., 0., 0.,
          0., 0., 0., 0., 0., 0., 255., 255., 255., 178., 0., 0., 0.,
          13., 26., 26., 26., 26., 26., 18., 0., 0., 0., 0., 0., 0.,
          255., 255., 255., 178., 0., 0., 0., 115., 229., 229., 229.,
          229., 229., 161., 0., 0., 0., 0., 0., 0., 255., 255., 255.,
          232., 179., 179., 179., 217., 255., 255., 255., 255., 255.,
          232., 179., 179., 54., 0., 0., 0., 255., 255., 255., 255.,
          255., 255., 255., 255., 255., 255., 255., 255., 255., 255.,
          255., 255., 166., 64., 0., 0., 255., 255., 255., 255., 255.,
          255., 255., 255., 255., 255., 255., 255., 255., 255., 255.,
          255., 255., 166., 54., 0., 255., 255., 255., 255., 252., 232.,
          229., 229., 229., 229., 229., 229., 242., 255., 255., 255.,
          255., 255., 178., 0., 255., 255., 255., 255., 232., 48., 26.,
          26., 26., 26., 26., 26., 140., 255., 255., 255., 255., 255.,
          178., 0., 255., 255., 255., 255., 229., 25., 0., 0., 0., 0.,
          0., 0., 38., 76., 94., 237., 255., 255., 232., 179., 255.,
          255., 255., 217., 115., 13., 0., 0., 0., 0., 0., 0., 0., 0.,
          26., 229., 255., 255., 255., 255., 255., 255., 255., 179., 0.,
          0., 0., 0., 0., 0., 0., 0., 0., 0., 25., 229., 255., 255.,
          255., 255., 255., 255., 255., 178., 0., 0., 0., 0., 0., 0., 0.,
          0., 0., 0., 25., 229., 255., 255., 255., 255., 255., 255.,
          255., 178., 0., 0., 0., 0., 0., 0., 0., 0., 0., 0., 25., 229.,
          255., 255., 255., 255., 255., 255., 255., 232., 161., 18., 0.,
          0., 0., 0., 0., 0., 0., 0., 25., 229., 255., 255., 255., 255.,
          255., 255., 255., 255., 229., 26., 0., 0., 0., 0., 0., 0., 0.,
          0., 26., 229., 255., 255., 255., 255., 179., 232., 255., 255.,
          237., 94., 23., 0., 0., 0., 0., 0., 0., 23., 94., 237., 255.,
          255., 232., 179., 0., 178., 255., 255., 255., 255., 94., 26.,
          18., 0., 0., 18., 26., 94., 255., 255., 255., 255., 178., 0.,
          0., 178., 255., 255., 255., 255., 237., 229., 161., 0., 0.,
          161., 229., 237., 255., 255., 255., 255., 178., 0., 0., 54.,
          166., 255., 255., 255., 255., 255., 232., 179., 179., 232.,
          255., 255., 255., 255., 255., 166., 54., 0., 0., 0., 64., 166.,
          255., 255., 255., 255., 255., 255., 255., 255., 255., 255.,
          255., 255., 166., 64., 0., 0., 0., 0., 0., 54., 179., 179.,
          232., 255., 255., 255., 255., 255., 255., 232., 179., 179.,
          54., 0., 0., 0., 0., 0., 0., 0., 0., 0., 178., 255., 255.,
          255., 255., 255., 255., 178., 0., 0., 0., 0., 0., 0., 0., 178.,
          255., 255., 255., 255., 255., 255., 255., 255., 255., 255.,
          255., 255., 255., 255., 255., 255., 255., 255., 179., 232.,
          255., 255., 255., 255., 255., 255., 255., 255., 255., 255.,
          255., 255., 255., 255., 255., 255., 255., 255., 255., 255.,
          255., 255., 255., 255., 255., 255., 255., 255., 255., 166.,
          128., 166., 255., 255., 255., 255., 255., 255., 179., 232.,
          255., 255., 255., 255., 201., 179., 179., 179., 179., 54., 0.,
          76., 255., 255., 255., 255., 232., 179., 0., 161., 229., 229.,
          229., 229., 69., 0., 0., 0., 0., 0., 0., 76., 255., 255., 255.,
          242., 161., 0., 0., 18., 26., 26., 26., 26., 8., 0., 0., 0.,
          0., 0., 0., 76., 255., 255., 255., 140., 18., 0., 0., 0., 0.,
          0., 0., 0., 0., 0., 0., 0., 0., 0., 0., 76., 255., 255., 255.,
          127., 0., 0., 0., 0., 0., 0., 0., 0., 0., 0., 0., 0., 0., 0.,
          64., 166., 255., 255., 255., 128., 0., 0., 0., 0., 0., 0., 0.,
          0., 0., 0., 0., 0., 0., 54., 166., 255., 255., 255., 201., 89.,
          0., 0., 0., 0., 0., 0., 0., 0., 0., 0., 0., 3., 23., 186.,
          255., 255., 255., 255., 76., 0., 0., 0., 0., 0., 0., 0., 0.,
          0., 0., 0., 0., 23., 206., 247., 255., 255., 255., 255., 76.,
          0., 0., 0., 0., 0., 0., 0., 0., 0., 0., 0., 54., 186., 247.,
          255., 255., 255., 237., 94., 23., 0., 0., 0., 0., 0., 0., 0.,
          0., 0., 0., 0., 76., 255., 255., 255., 255., 255., 229., 26.,
          0., 0., 0., 0., 0., 0., 0., 0., 0., 0., 0., 38., 130., 255.,
          255., 255., 255., 232., 161., 18., 0., 0., 0., 0., 0., 0., 0.,
          0., 0., 0., 0., 127., 255., 255., 255., 255., 255., 178., 0.,
          0., 0., 0., 0., 0., 0., 0., 0., 0., 0., 0., 0., 127., 255.,
          255., 255., 255., 255., 178., 0., 0., 0., 0., 0., 0., 0., 0.,
          0., 0., 0., 0., 0., 127., 255., 255., 255., 255., 166., 54.,
          0., 0., 0., 0., 0., 0., 0., 0., 0., 0., 0., 0., 89., 191.,
          255., 255., 255., 255., 128., 0., 0., 0., 0., 0., 0., 0., 0.,
          0., 0., 0., 0., 0., 179., 255., 255., 255., 255., 201., 89.,
          0., 0., 0., 0., 0., 0., 0., 0., 0., 0., 0., 3., 23., 186.,
          255., 255., 255., 255., 76., 0., 0., 0., 0., 0., 0., 0., 0.,
          0., 0., 0., 0., 23., 206., 247., 255., 255., 255., 255., 76.,
          0., 0., 0., 0., 0., 0., 0., 0., 0., 0., 0., 0., 25., 229.,
          255., 255., 255., 255., 255., 76., 0., 0., 0., 0., 0., 0., 0.,
          0., 0., 0., 0., 0., 26., 229., 255., 255., 255., 255., 255.,
          76., 0., 0., 0., 0., 0., 0., 0., 0., 0., 0., 0., 23., 94.,
          237., 255., 255., 255., 247., 186., 54., 0., 0., 0., 0., 0.,
          0., 0., 0., 0., 0., 0., 76., 255., 255., 255., 255., 255.,
          229., 25., 0., 0., 0., 0., 0., 0., 0., 0., 0., 0., 0., 0., 76.,
          255., 255., 255., 255., 255., 229., 25., 0., 0., 0., 0., 0.,
          0., 0., 0., 0., 0., 0., 0., 76., 255., 255., 255., 255., 255.,
          229., 25., 0., 0., 0., 0., 0., 0., 0., 0., 0., 0., 0., 0., 76.,
          255., 255., 255., 255., 217., 115., 13., 0., 0., 0., 0., 0.,
          0., 0., 0., 0., 0., 0., 0., 76., 255., 255., 255., 255., 179.,
          0., 0., 0., 0., 0., 0., 0., 0., 0., 0., 0., 0., 0., 0., 76.,
          255., 255., 255., 255., 178., 0., 0., 0., 0., 0., 0., 0., 0.,
          0., 0., 0., 0., 0., 0., 0., 0., 44., 255., 255., 255., 255.,
          255., 255., 255., 255., 255., 83., 0., 0., 0., 0., 0., 0., 0.,
          85., 179., 192., 255., 255., 255., 255., 255., 255., 255.,
          255., 255., 203., 85., 0., 0., 0., 0., 0., 80., 188., 255.,
          255., 255., 255., 255., 255., 255., 255., 255., 255., 255.,
          255., 188., 80., 0., 0., 0., 59., 188., 255., 255., 255., 255.,
          255., 200., 179., 179., 179., 188., 253., 255., 255., 255.,
          188., 59., 0., 0., 198., 255., 255., 255., 250., 229., 229.,
          63., 0., 0., 0., 29., 224., 250., 255., 255., 255., 198., 0.,
          0., 198., 255., 255., 255., 215., 26., 26., 7., 0., 0., 0., 3.,
          25., 215., 255., 255., 255., 198., 0., 0., 197., 255., 255.,
          255., 210., 0., 0., 0., 0., 0., 0., 0., 0., 210., 255., 255.,
          255., 197., 0., 0., 198., 255., 255., 255., 210., 0., 0., 0.,
          0., 0., 0., 0., 0., 210., 255., 255., 255., 198., 0., 0., 197.,
          255., 255., 255., 210., 0., 0., 0., 0., 0., 0., 0., 0., 210.,
          255., 255., 255., 197., 0., 0., 198., 255., 255., 255., 210.,
          0., 0., 0., 0., 0., 0., 3., 25., 215., 255., 255., 245., 178.,
          0., 0., 198., 255., 255., 255., 210., 0., 0., 0., 0., 0., 0.,
          29., 224., 250., 255., 255., 169., 20., 0., 0., 59., 188.,
          255., 255., 242., 174., 22., 0., 0., 0., 49., 188., 253., 255.,
          255., 255., 159., 0., 0., 0., 0., 159., 255., 255., 255., 252.,
          143., 128., 128., 128., 163., 255., 255., 255., 255., 188.,
          80., 0., 0., 0., 0., 112., 215., 255., 255., 255., 255., 255.,
          255., 255., 255., 255., 255., 255., 255., 121., 0., 0., 0., 0.,
          0., 16., 135., 255., 255., 255., 255., 255., 255., 255., 255.,
          255., 255., 255., 255., 135., 16., 0., 0., 0., 0., 143., 241.,
          255., 255., 255., 255., 255., 255., 255., 255., 255., 255.,
          255., 255., 241., 143., 0., 0., 0., 0., 159., 255., 255., 255.,
          255., 255., 125., 76., 76., 76., 99., 250., 255., 255., 255.,
          226., 138., 0., 0., 99., 207., 255., 255., 233., 128., 128.,
          35., 0., 0., 0., 16., 124., 233., 255., 255., 255., 198., 0.,
          0., 197., 255., 255., 230., 147., 0., 0., 0., 0., 0., 0., 0.,
          0., 147., 230., 255., 255., 215., 76., 26., 203., 255., 255.,
          172., 0., 0., 0., 0., 0., 0., 0., 0., 0., 0., 172., 255., 255.,
          255., 255., 229., 249., 255., 255., 172., 0., 0., 0., 0., 0.,
          0., 0., 0., 0., 0., 172., 255., 255., 255., 255., 255., 255.,
          255., 255., 172., 0., 0., 0., 0., 0., 0., 0., 0., 0., 0., 172.,
          255., 255., 255., 255., 255., 255., 255., 255., 172., 0., 0.,
          0., 0., 0., 0., 0., 0., 0., 0., 172., 255., 255., 255., 255.,
          255., 255., 255., 255., 172., 0., 0., 0., 0., 0., 0., 0., 0.,
          0., 63., 197., 255., 255., 238., 179., 229., 249., 255., 255.,
          180., 21., 0., 0., 0., 0., 0., 0., 3., 25., 215., 255., 255.,
          255., 198., 0., 26., 203., 255., 255., 246., 189., 0., 0., 0.,
          0., 0., 0., 29., 224., 250., 255., 255., 255., 198., 0., 0.,
          197., 255., 255., 255., 242., 174., 22., 0., 0., 0., 49., 188.,
          253., 255., 255., 255., 188., 59., 0., 0., 99., 207., 255.,
          255., 255., 252., 143., 35., 73., 128., 163., 255., 255., 255.,
          255., 188., 80., 0., 0., 0., 0., 112., 215., 255., 255., 255.,
          255., 125., 179., 255., 255., 255., 255., 255., 203., 85., 0.,
          0., 0., 0., 0., 0., 121., 255., 255., 255., 255., 255., 255.,
          255., 255., 255., 255., 255., 83., 0., 0., 0., 0., 0., 0., 0.,
          0., 0., 44., 255., 255., 255., 255., 255., 255., 255., 255.,
          255., 83., 0., 0., 0., 0., 0., 0., 0., 91., 191., 202., 255.,
          255., 255., 255., 255., 255., 255., 255., 255., 212., 91., 0.,
          0., 0., 0., 0., 93., 199., 255., 255., 255., 255., 255., 255.,
          255., 255., 255., 255., 255., 255., 199., 93., 0., 0., 0., 82.,
          199., 255., 255., 255., 255., 255., 178., 149., 149., 149.,
          162., 252., 255., 255., 255., 199., 82., 0., 0., 197., 255.,
          255., 255., 244., 191., 191., 53., 0., 0., 0., 24., 186., 244.,
          255., 255., 255., 197., 0., 0., 197., 255., 255., 255., 210.,
          0., 0., 0., 0., 0., 0., 0., 0., 193., 248., 255., 255., 197.,
          0., 0., 197., 255., 255., 255., 210., 0., 0., 0., 0., 0., 0.,
          0., 0., 18., 179., 255., 255., 197., 0., 0., 197., 255., 255.,
          193., 53., 0., 0., 0., 0., 0., 0., 0., 0., 0., 172., 255.,
          255., 241., 191., 149., 231., 255., 255., 172., 0., 0., 0., 0.,
          0., 0., 0., 0., 0., 0., 172., 255., 255., 255., 255., 255.,
          255., 255., 255., 172., 0., 0., 0., 0., 0., 0., 0., 0., 0., 0.,
          172., 255., 255., 255., 255., 191., 241., 255., 255., 172., 0.,
          0., 0., 0., 0., 0., 0., 0., 0., 0., 172., 255., 255., 255.,
          255., 0., 197., 255., 255., 179., 18., 0., 0., 0., 0., 0., 0.,
          0., 0., 18., 179., 255., 255., 250., 234., 0., 197., 255.,
          255., 248., 193., 0., 0., 0., 0., 0., 0., 0., 0., 193., 248.,
          255., 255., 202., 21., 0., 197., 255., 255., 255., 210., 0.,
          0., 0., 0., 0., 0., 0., 0., 210., 255., 255., 255., 197., 0.,
          0., 198., 255., 255., 255., 236., 149., 149., 41., 0., 0., 41.,
          149., 149., 236., 255., 255., 255., 198., 0., 0., 115., 215.,
          255., 255., 255., 255., 255., 147., 106., 106., 147., 255.,
          255., 255., 255., 255., 255., 198., 0., 0., 0., 120., 222.,
          255., 255., 255., 255., 255., 255., 255., 255., 255., 255.,
          255., 255., 255., 255., 197., 0., 0., 0., 0., 111., 240., 255.,
          255., 255., 255., 255., 255., 249., 234., 234., 234., 248.,
          255., 255., 197., 0., 0., 0., 0., 10., 97., 255., 255., 255.,
          255., 255., 255., 191., 21., 21., 21., 179., 255., 255., 197.,
          0., 0., 0., 0., 0., 21., 64., 64., 64., 64., 64., 64., 46., 0.,
          0., 0., 172., 255., 255., 197., 0., 0., 0., 0., 0., 0., 0., 0.,
          0., 0., 0., 0., 0., 0., 0., 0., 172., 255., 255., 198., 0., 0.,
          82., 106., 106., 72., 0., 0., 0., 0., 0., 0., 0., 0., 0., 88.,
          206., 255., 255., 198., 0., 64., 212., 255., 255., 172., 0.,
          0., 0., 0., 0., 0., 0., 0., 0., 210., 255., 255., 255., 197.,
          0., 255., 255., 255., 255., 179., 18., 0., 0., 0., 0., 0., 0.,
          3., 21., 214., 255., 255., 247., 181., 0., 255., 255., 255.,
          255., 248., 193., 0., 0., 0., 0., 0., 0., 29., 228., 251.,
          255., 255., 167., 16., 0., 64., 212., 255., 255., 255., 244.,
          186., 24., 0., 0., 81., 191., 199., 253., 255., 255., 255.,
          159., 0., 0., 0., 82., 199., 255., 255., 255., 252., 162.,
          149., 149., 194., 255., 255., 255., 255., 255., 177., 66., 0.,
          0., 0., 0., 93., 199., 255., 255., 255., 255., 255., 255.,
          255., 255., 255., 255., 255., 183., 71., 0., 0., 0., 0., 0.,
          0., 91., 191., 202., 255., 255., 255., 255., 255., 255., 247.,
          193., 191., 62., 0., 0., 0., 0., 0., 0., 0., 0., 0., 44., 255.,
          255., 255., 255., 255., 255., 223., 6., 0., 0., 0., 0., 0., 0. ]
   responses: !!opencv-matrix
      rows: 10
      cols: 1
      dt: f
      data: [ 0., 1., 2., 3., 4., 5., 6., 7., 8., 9. ]
